file 1:
Содержимое первого файла-68 78 43 4 -44 59 -41 34 99 21 81 79 76 38 22 -13 -93 -84 -17 -95 -78 -58 -5 -19 -24 42 -53 -69 47 62 -89 90 3 63 -46 -20 5 19 -4 71 61 -50 84 28 46 12 57 58 10
Отрицательные элементы-68 -44 -41 -13 -93 -84 -17 -95 -78 -58 -5 -19 -24 -53 -69 -89 -46 -20 -4 -50
Количество отрицательных элементов:20
Среднее арифметическое:-49
file 2:
Содержимое второго файла:48 1 -86 -22 -9 -58 -93 2 59 -44 -25 -72 74 -37 -82 99 -66 68 39 64 -30 22 -88 -28 -3 -29 -28 20 50 -42 94 -61 99 -33 11 -59 -44 -43 -60 -24 45 46 -94 -40 -75 16 -62 -71 -65 -72
Положительные элементы48 1 2 59 74 99 68 39 64 22 20 50 94 99 11 45 46 16
Количество  положительных элементов:18
Среднее арифметическое:47
